
Number of non-zero elements: 30
Row Pointer: 0 1 2 3 5 7 9 11 14 17 19 21 24 27 30
Coloumn Index: 0 1 2 0 3 0 4 1 5 2 6 3 4 7 3 4 8 5 9 6 10 7 8 11 7 8 12 11 12 13
Values: 1.570880 12566400.000000 0.608806 -94.252800 15080.448000 0.785440 3.141760 -6283200.000000 12566400.000000 -0.304403 0.608806 -7540.224000 -94.252800 15080.448000 94.252800 0.785440 3.141760 -6283200.000000 12566400.000000 -0.304403 0.608806 -7540.224000 -94.252800 15080.448000 94.252800 0.785440 3.141760 94.252800 0.785440 1.570880
Product: 1.570880 12566400.000000 0.608806 14986.195200 3.927200 6283200.000000 0.304403 7445.971200 98.180000 6283200.000000 0.304403 7445.971200 98.180000 96.609120
Residual: 0.570880 12566399.000000 -0.391194 14985.195200 2.927200 6283199.000000 -0.695597 7444.971200 97.180000 6283199.000000 -0.695597 7444.971200 97.180000 95.609120Product: 1.570880 12566400.000000 0.608806 14986.195200 3.927200 6283200.000000 0.304403 7445.971200 98.180000 6283200.000000 0.304403 7445.971200 98.180000 96.609120
Norm: 15390644.851326

Done!
